Each ID corresponds to a row number in the annotations.csv file, referring to records where ADV/"no" could also be seen as ADJ/"inflected":
54941
40441
54070
52599
52597
45250
30742
74810
40442
52404
51130
41194
30741
52590
75704
70679
54949
52405
75706
51132
76825
30746
76828
70585
50311
52242
52406
73991
75705
43413
52594
54074
94410
43617
73998
52740
50033
74816
98263
52592
50413
74814
41192
52595
41195
54288
70678
72671
54943
50419
43611
59299
54075
41190
50423
52400
54280
54078
50316
54071
71157
30745
47256
54072
47250
50310
53993
54073
52243
54289
76823
70676
54287
41198
30749
52598
51139
30748
52596
52741